1620711000
1620797400
1620883800
1620970200
1621056600
1621143000
1621229400
1621315800
1621402200
1621488600
1621575000
1621661400
1621747800
1621834200
1621920600
1622007000
1622093400
1622179800
1622266200
1622352600
1622439000
1622525400
1622611800
1622698200
1622784600
1622871000
1622957400
1623043800
1623130200
1623216600
1623303000
1623389400
1623475800
1623562200
1623648600
1623735000
1623821400
1623907800
1623994200
1624080600
1624167000
1624253400
1624339800
1624426200
1624512600
1624599000
1624685400
1624771800
1624858200
1624944600
1625031000
1625117400
1625203800
1625290200
1625376600
1625463000
1625549400
1625635800
1625722200
1625808600
1625895000
1625981400
1626067800
1626154200
1626240600
1626327000
1626413400
1626499800
1626586200
1626672600
1626759000
1626845400
1626931800
1627018200
1627104600
1627191000
1627277400
1627363800
1627450200
1627536600
1627623000
1627709400
1627795800
1627882200
1627968600
1628055000
1628141400
1628227800
1628314200
1628400600
1628487000
1628573400
1628659800
1628746200
1628832600
1628919000
1629005400
1629091800
1629178200
1629264600
1629351000
1629437400
1629523800
1629610200
1629696600
1629783000
1629869400
1629955800
1630042200
1630128600
1630215000
1630301400
1630387800
1630474200
1630560600
1630647000
1630733400
1630819800
1630906200
1630992600
1631079000
1631165400
1631251800
1631338200
1631424600
1631511000
1631597400
1631683800
1631770200
1631856600
1631943000
1632029400
1632115800
1632202200
1632288600
1632375000
1632461400
1632547800
1632634200
1632720600
1632807000
1632893400
1632979800
1633066200
1633152600
1633239000
1633325400
1633411800
1633498200
1633584600
1633671000
1633757400
1633843800
1633930200
1634016600
1634103000
1634189400
1634275800
1634362200
1634448600
1634535000
1634621400
1634707800
1634794200
1634880600
1634967000
1635053400
1635139800
1635226200
1635312600
1635399000
1635485400
1635571800
1635658200
1635744600
1635831000
1635917400
1636003800
1636090200
1636176600
1636263000
1636349400
1636435800
1636522200
1636608600
1636695000
1636781400
1636867800
1636954200
1637040600
1637127000
1637213400
1637299800
1637386200
1637472600
1637559000
1637645400
1637731800
1637818200
1637904600
1637991000
1638077400
1638163800
1638250200
1638336600
1638423000
1638509400
1638595800
1638682200
1638768600
1638855000
1638941400
1639027800
1639114200
1639200600
1639287000
1639373400
1639459800
1639546200
1639632600
1639719000
1639805400
1639891800
1639978200
1640064600
1640151000
1640237400
1640323800
1640410200
1640496600
1640583000
1640669400
1640755800
1640842200
1640928600
1641015000
1641101400
1641187800
1641274200
1641360600
1641447000
1641533400
1641619800
1641706200
1641792600
1641879000
1641965400
1642051800
1642138200
1642224600
1642311000
1642397400
1642483800
1642570200
1642656600
1642743000
1642829400
1642915800
1643002200
1643088600
1643175000
1643261400
1643347800
1643434200
1643520600
1643607000
1643693400
1643779800
1643866200
1643952600
1644039000
1644125400
1644211800
1644298200
1644384600
1644471000
1644557400
1644643800
1644730200
1644816600
1644903000
1644989400
1645075800
1645162200
1645248600
1645335000
1645421400
1645507800
1645594200
1645680600
1645767000
1645853400
1645939800
1646026200
1646112600
1646199000
1646285400
1646371800
1646458200
1646544600
1646631000
1646717400
1646803800
1646890200
1646976600
1647063000
1647149400
1647235800
1647322200
1647408600
1647495000
1647581400
1647667800
1647754200
1647840600
1647927000
1648013400
1648099800
1648186200
1648272600
1648359000
1648445400
1648531800
1648618200
1648704600
1648791000
1648877400
1648963800
1649050200
1649136600
1649223000
1649309400
1649395800
1649482200
1649568600
1649655000
1649741400
1649827800
1649914200
1650000600
1650087000
1650173400
1650259800
1650346200
1650432600
1650519000
1650605400
1650691800
1650778200
1650864600
1650951000
1651037400
1651123800
1651210200
1651296600
1651383000
1651469400
1651555800
1651642200
1651728600
1651815000
1651901400
1651987800
1652074200
1652160600
1652247000
1652333400
1652419800
1652506200
1652592600
1652679000
1652765400
1652851800
1652938200
1653024600
1653111000
1653197400
1653283800
1653370200
1653456600
1653543000
1653629400
1653715800
1653802200
1653888600
1653975000
1654061400
1654147800
1654234200
1654320600
1654407000
1654493400
1654579800
1654666200
1654752600
1654839000
1654925400
1655011800
1655098200
1655184600
1655271000
1655357400
1655443800
1655530200
1655616600
1655703000
1655789400
1655875800
1655962200
1656048600
1656135000
1656221400
1656307800
1656394200
1656480600
1656567000
1656653400
1656739800
1656826200
1656912600
1656999000
1657085400
1657171800
1657258200
1657344600
1657431000
1657517400
1657603800
1657690200
1657776600
1657863000
1657949400
1658035800
1658122200
1658208600
1658295000
1658381400
1658467800
1658554200
1658640600
1658727000
1658813400
1658899800
1658986200
1659072600
1659159000
1659245400
1659331800
1659418200
1659504600
1659591000
1659677400
1659763800
1659850200
1659936600
1660023000
1660109400
1660195800
1660282200
1660368600
1660455000
1660541400
1660627800
1660714200
1660800600
1660887000
1660973400
1661059800
1661146200
1661232600
1661319000
1661405400
1661491800
1661578200
1661664600
1661751000
1661837400
1661923800
1662010200
1662096600
1662183000
1662269400
1662355800
1662442200
1662528600
1662615000
1662701400
1662787800
1662874200
1662960600
1663047000
1663133400
1663219800
1663306200
1663392600
1663479000
1663565400
1663651800
1663738200
1663824600
1663911000
1663997400
1664083800
1664170200
1664256600
1664343000
1664429400
1664515800
1664602200
1664688600
1664775000
1664861400
1664947800
1665034200
1665120600
1665207000
1665293400
1665379800
1665466200
1665552600
1665639000
1665725400
1665811800
1665898200
1665984600
1666071000
1666157400
1666243800
1666330200
1666416600
1666503000
1666589400
1666675800
1666762200
1666848600
1666935000
1667021400
1667107800
1667194200
1667280600
1667367000
1667453400
1667539800
1667626200
1667712600
1667799000
1667885400
1667971800
1668058200
1668144600
1668231000
1668317400
1668403800
1668490200
1668576600
1668663000
1668749400
1668835800
1668922200
1669008600
1669095000
1669181400
1669267800
1669354200
1669440600
1669527000
1669613400
1669699800
1669786200
1669872600
1669959000
1670045400
1670131800
1670218200
1670304600
1670391000
1670477400
1670563800
1670650200
1670736600
1670823000
1670909400
1670995800
1671082200
1671168600
1671255000
1671341400
1671427800
1671514200
1671600600
1671687000
1671773400
1671859800
1671946200
1672032600
1672119000
1672205400
1672291800
1672378200
1672464600
1672551000
1672637400
1672723800
1672810200
1672896600
1672983000
1673069400
1673155800
1673242200
1673328600
1673415000
1673501400
1673587800
1673674200
1673760600
1673847000
1673933400
1674019800
1674106200
1674192600
1674279000
1674365400
1674451800
1674538200
1674624600
1674711000
1674797400
1674883800
1674970200
1675056600
1675143000
1675229400
1675315800
1675402200
1675488600
1675575000
1675661400
1675747800
1675834200
1675920600
1676007000
1676093400
1676179800
1676266200
1676352600
1676439000
1676525400
1676611800
1676698200
1676784600
1676871000
1676957400
1677043800
1677130200
1677216600
1677303000
1677389400
1677475800
1677562200
1677648600
1677735000
1677821400
1677907800
1677994200
1678080600
1678167000
1678253400
1678339800
1678426200
1678512600
1678599000
1678685400
1678771800
1678858200
1678944600
1679031000
1679117400
1679203800
1679290200
1679376600
1679463000
1679549400
1679635800
1679722200
1679808600
1679895000
1679981400
1680067800
1680154200
1680240600
1680327000
1680413400
1680499800
1680586200
1680672600
1680759000
1680845400
1680931800
1681018200
1681104600
1681191000
1681277400
1681363800
1681450200
1681536600
1681623000
1681709400
1681795800
1681882200
1681968600
1682055000
1682141400
1682227800
1682314200
1682400600
1682487000
1682573400
1682659800
1682746200
1682832600
1682919000
1683005400
1683091800
1683178200
1683264600
1683351000
1683437400
1683523800
1683610200
1683696600
1683783000
1683869400
1683955800
1684042200
1684128600
1684215000
1684301400
1684387800
1684474200
1684560600
1684647000
1684733400
1684819800
1684906200
1684992600
1685079000
1685165400
1685251800
1685338200
1685424600
1685511000
1685597400
1685683800
1685770200
1685856600
1685943000
1686029400
1686115800
1686202200
1686288600
1686375000
1686461400
1686547800
1686634200
1686720600
1686807000
1686893400
1686979800
1687066200
1687152600
1687239000
1687325400
1687411800
1687498200
1687584600
1687671000
1687757400
1687843800
1687930200
1688016600
1688103000
1688189400
1688275800
1688362200
1688448600
1688535000
1688621400
1688707800
1688794200
1688880600
1688967000
1689053400
1689139800
1689226200
1689312600
1689399000
1689485400
1689571800
1689658200
1689744600
1689831000
1689917400
1690003800
1690090200
1690176600
1690263000
1690349400
1690435800
1690522200
1690608600
1690695000
1690781400
1690867800
1690954200
1691040600
1691127000
1691213400
1691299800
1691386200
1691472600
1691559000
1691645400
1691731800
